world: world
x: -35.66056894124595
y: 15.0
z: 161.14296560971533
yaw: -213.28963
pitch: 5.9005513
name: cave2
