world: world
x: -35.42361774879185
y: 15.0
z: 161.50384611748396
yaw: -213.28963
pitch: 5.9005513
name: cave
