world: world
x: -61.89994144193372
y: 33.0
z: 148.59211683293825
yaw: 261.90912
pitch: -2.8438573
name: cave5
