world: world
x: -211.63522719143268
y: 11.0
z: -182.4754802113436
yaw: 99.41498
pitch: 7.169955
name: cave3
