world: world
x: -247.30000001192093
y: 26.0
z: -171.12889650448565
yaw: -202.13934
pitch: -12.494332
name: cave4
