world: world
x: -248.70283166839693
y: 26.0
z: -169.44770645044775
yaw: -19.136803
pitch: 39.879635
name: cave1
