world: world
x: -105.30000001192093
y: 48.0
z: 79.61538106041364
yaw: -299.08444
pitch: 19.11925
name: cave6
