world: world
x: -44.79264943390329
y: 35.0
z: 158.7992527914933
yaw: 73.25186
pitch: 11.142089
name: leo
