world: world
x: -54.0481290729013
y: 13.0
z: 211.0105600790352
yaw: -239.31146
pitch: 13.794728
name: mine1
