world: world_nether
x: -17.775296639762384
y: 62.0
z: 1.1427271703690094
yaw: -191.40092
pitch: 4.7907896
name: portal
